634329019
1825252241
2134227553
871205356
80759397
1857946201
679088993
343857360
425474381
538847776
1086915907
369480626
585176928
1830667799
17682904
42749099
642135753
666118921
852289015
1807511361
400946194
961960675
1717623355
348735301
1908929968
1392981797
1360581189
1828438555
1817122323
2079731760
2000861453
1801692958
1281466102
667742013
855380150
891042863
1350848844
1649242629
616218555
55336518
788062612
278737588
243163105
1493390320
1218376079
856629825
1016047144
1703267098
1161549658
628776731
801766055
106811102
214642572
888001680
1674956241
312076169
745919451
1554902298
1173296387
188235669
1217363469
370743206
669872447
779068048
2100950352
813828328
1175916047
1909651929
1796483398
545313444
1179747441
1100888487
1105751941
37550382
232957742
1124520604
1566436452
1239989596
1103604816
305044328
1727729947
1362384360
1323414391
188608886
2025129620
1086133829
327983253
1857824163
1156549104
1106264773
1597992190
1710306733
335160298
1886579657
1150360202
659647321
608483276
993646286
833730573
182701219
1051730677
1725095486
1959874481
1413385312
1084450014
308566085
730255867
798852341
405647687
289203874
815391329
1979390391
1834657004
1291970297
1341835295
2131307294
1111646742
2027754105
903606024
438273938
443254765
840357235
1439593120
1627730736
2139084920
693386157
183147474
387530870
2129004752
767325215
1997630890
908983788
404589836
1545351258
1601941368
1814590206
728900803
1413047472
1509153278
214937330
822732226
1982248147
116899774
1958760800
1741943872
255987550
1189607864
654241166
970330642
1677353500
1192718285
479621057
49940320
1896149392
1490898238
2076268967
907332531
566074068
769805747
249067810
969484191
124816243
252950771
1001333965
2085763872
1231687643
1009311658
656956169
1294254607
920211880
458790394
2023575547
844250542
1470264130
606869934
1645711617
1234715067
853318404
2040534480
1364748184
2023894997
1440861231
635611891
98452181
1948870070
1464651309
1520857907
818686886
1986547368
773545958
1543835011
1628777740
958046312
705999101
2093987464
1695436765
1975885328
1103730573
2124630104
2143715809
1647922019
1883770830
2017568467
2120892472
546087505
83060864
96859540
1745120861
1541729935
1659778949
1244041253
1652042855
1823157921
1758819856
1713043535
1671391314
597719022
1312602915
349887945
1059255101
943869036
1120298142
651447379
924763418
425783414
1779215726
840949697
817932166
732716009
1832221060
1867956949
1506987999
1933798521
1248260379
1140879920
278581181
2113809460
448409751
2089662317
1846498899
1810585983
278518552
1610728135
797146249
1326550370
706965394
1001116789
485421498
761243721
1988418967
1919221347
926115585
306717469
1431437277
1179863072
1308754522
1566719947
309337682
715562192
22446989
1259505096
685067487
1353334095
1861206279
1348352649
1942001829
40107033
891522521
1517970321
1045379007
1007166048
759619591
2129032261
1037003489
1021999354
134754096
668491476
2127572357
751845369
1651968398
1268764821
1671221834
920081466
1684231818
62222164
1841448326
820432097
1835275576
1720165515
1362777778
912976657
1830169579
903931198
1572776286
384473746
233405125
1384580237
1473102909
230821349
596697442
678783327
1840991839
1519373917
1020137610
1514925439
882687366
1181494824
528521706
376540227
577589632
1682647953
614633228
1216682058
773844009
608684426
2116291013
611068861
738362040
302000678
662554258
1601250894
1116074515
1356641759
575604115
505456895
1771900361
1520448750
2140612985
882238689
1660937335
1675363337
725064380
843736052
2142384646
1357072243
1530738324
1683303966
1709797542
549813501
1527150293
986395387
566137155
1866494950
129657679
1413048752
1611059261
1334909526
30101930
893375618
1731175485
1784679092
845468527
44062744
1333726100
1420015543
1131107194
1639562276
800736022
1700202141
1276791753
2129723750
347932924
1199961275
1700882988
302342651
36960624
1475152545
84197876
485271494
1730156172
430257348
1312461148
2021392592
783747662
1601068773
640056128
1893432671
1318402894
53540135
747007632
1302514125
1020703911
593897926
971435831
1293377902
1991594412
493392910
238810235
1269248551
114989647
1212737488
804424284
2058633614
1259347800
715547898
212210884
1659425544
534445953
318055114
389318612
184205743
2146630097
1754124300
977586498
1828590659
2123581680
1705552440
1895852739
1812379642
807518985
2033521471
535319173
1058532958
1931027038
711201409
760807878
417632664
693110031
365779354
688767788
1122511082
1185701747
386419341
716877709
157068476
1512318253
1736667950
1390767741
1586938388
1877943973
1353766996
43088431
1015964660
1013074491
1922172738
893295860
935115803
121968309
1208508005
878255191
443238821
1105024581
97875552
553508993
1726259067
2044773054
1780066712
1438728368
510469232
1773259373
1064511011
175102285
1879172677
333913778
902593421
561908852
1781660274
889731080
1585421310
1048756599
485358840
1456331981
798861898
941154549
1051346511
1249521458
19384969
1168225833
316600630
1850001757
405510484
364202163
1302487442
629005618
1922777192
404100959
2104577673
923492026
609721003
1603797948
406181049
72464457
286708063
1469404089
1367136153
468460546
994537484
2122181608
86983102
526916091
477082303
702036131
1903431115
959871980
2042984762
2057121518
2113434055
1681710227
1099992887
717880256
266988021
5195995
375566314
150677017
1510587686
1054342048
84265002
1320781240
980097603
2037502590
24823298
335148671
1077919196
105148967
1281847324
1961576865
1738746019
345602555
967604621
798475362
238815426
21988304
1189813802
1452812862
957325575
985085122
314011071
318454723
855166591
9939881
2095041618
512661006
292486151
940734572
1565470535
204030191
507382404
448160600
1789545091
1318206717
1922691861
1475192835
1585053295
930257038
1742213185
1913760137
1834734596
908300716
73857890
688280228
837673854
1612707613
116937233
1979596504
767125098
707826840
1287882347
355991188
1960530641
2095862654
2144353405
1694936027
1519598833
1702743132
30158459
1334292152
146964975
280516127
1885856579
1411559283
314832235
224894299
1899223709
1980852181
662947312
1485044636
730451784
186640491
1187710094
60810652
576057992
490990384
1326833171
991775794
387046348
554727483
261645510
61491285
299212191
1426188451
1892120255
1664096393
715082545
1190406592
529031437
1396694539
326319587
662265541
1524087895
43271352
1419025086
1191321532
616721701
1292151667
97479788
1536584721
19096653
884643268
281773831
1814616045
1655872944
907798313
1144085518
1756370660
593282830
1715206248
1376416050
1625206526
1291573212
1012359313
550630509
634274692
1192441965
253923927
576537713
636047762
2009008317
1426809586
1952098880
854610597
1101060252
320233652
1574079930
1977116892
1609647087
803187113
235844451
1609545348
1932237560
498765145
224780538
1564031732
1148816784
1372710569
1847468807
1714596157
1696890077
244957014
637631203
393993241
33281478
99711255
578567453
623956453
1041248106
1684182679
574637865
642457319
975123640
408605822
800336716
977431420
1722778138
1622860879
1483190004
115900002
182663272
1614515116
1252578137
945880392
2127349689
482629625
1876749651
1607477504
189932985
1751144293
1217754673
490162281
148219133
1123017300
1839186036
2066223937
246709739
1764921452
1007459161
1799224965
551065581
1284627745
1772819513
1063543089
33488979
1950363124
1496926112
1016697629
534574166
1180010027
2011119330
849346836
403495674
1039468951
954909764
810898370
358405749
262668078
2091386304
1022994542
840076610
1105110934
1750014203
331198030
1600096964
2126586067
1589114113
543078162
1268991159
1254683012
1632890262
1079802340
501117165
1851346990
1325883177
1538410142
1200961320
146153080
782105982
459207887
791007180
533376847
1724223326
1153988356
164380692
1044266637
911782325
237112320
225698343
1518847084
1961183111
287172523
98535889
938969325
1634335819
1743287049
1657683115
1415821608
1734169713
1411965068
2130917823
2059750054
2144987273
1966347881
1235682912
2128929545
1725994278
2020529854
1679495873
1568960741
2081634095
707193206
1135999162
1621043197
234120451
988497062
1757732724
1840284327
2027196068
29125326
2145657480
1315472058
1646815228
1261951541
799662304
1433923152
580476179
1742580968
2060160996
686196269
17678151
236373005
1941046685
75959317
1902443107
271564771
1222926638
805598444
1355588477
1353571223
1466896452
1810621216
672785948
2014871882
2124010244
271524640
1387537019
1221616692
2085373317
538789385
176453190
1475659060
16714751
2059568335
1957467434
1735240727
222729866
745904905
2048894985
124637355
1955631374
476470362
959780635
1043681631
1958870022
2129551843
1754134636
1944639003
800029945
2133069309
834303480
762235336
1707987632
793637813
1070222585
2095737700
1953672400
1163315420
946345455
1706917676
819780146
874720867
1129001529
1101951493
1628675928
776079156
1361458338
3590423
1916626704
394153199
550944457
1042790961
1181318703
1546510659
1522366257
971415583
1084385213
2099884941
159164225
1761129903
1422974679
328167268
717320945
1877326451
209874861
1188762961
525069854
1655054715
1093694441
584379070
772490458
1538564993
219317105
334878550
1334215774
1548440559
2088656809
2078116828
1498144891
988787043
224694227
1001794461
871692106
1843702321
950629054
1992512630
1275973161
73013631
589616470
1994127771
701052593
602593745
1637607721
1126897089
1491863356
1465943811
39684852
610815013
1816246160
1003571513
1278592114
1022613531
429339875
805591472
1689194818
1351870350
105171807
187868004
1483191696
2128823292
325792195
1544656110
17944540
1627355331
1990993415
1754059553
680504087
1051624966
461226148
1682272990
833607812
2011486271
549048855
1078135354
855997656
1413141000
1989808347
1386364351
1416892294
1914722168
420289523
2015377840
180609867
2029780678
1798709137
1385354511
920559434
874654325
1114521270
2089038375
1111250425
1666471453
957550979
1443136954
1888635439
1507827122
873903953
1984483484
422497208
257928394
1390727430
1832888216
64624051
99678979
180462953
1574461434
1086496937
1654599980
1388672466
296246020
33340743
761290187
798121096
579092175
1566003207
1490834700
1093990776
1630219001
2004001872
1580461904
165882427
1115011999
762006524
2116712684
979764662
1329101267
1687277283
1200435312
1358829324
1059110645
1326403210
186279176
1959000980
2021188191
1864518420
785256186
325079589
699254859
589798380
2041563468
2110148089
943443592
737230748
424966254
689818270
194843533
1239792915
2039113965
1787424317
302729976
1185222528
1017812841
1500904895
1953764213
1780993624
170920554
632872996
1729594530
1262355279
1467315212
797707050
1741274087
215269660
930390172
627766713
1510188515
1595536714
1557674345
1177827845
1356089355
1309858526
2041621706
930553973
116046670
462211252
528073790
1934021329
185285948
311084456
1828823051
1671943275
1024253960
785735208
1712448322
944630945
1819008887
1462037442
593324536
