000000
000000
000000
000000
000000
000000
000001
000000
000000
000000
000000
000000
000010
000000
000000
000000
000000
000000
000011
000000
000000
000000
000000
000000
000100
000000
000000
000000
000000
000000
000101
000000
000000
000000
000000
000000
000110
000000
000000
000000
000000
000000
000111
000000
000000
000000
000000
000000
001000
000000
000000
000000
000000
000000
001001
000000
000000
000000
000000
000000
001010
000000
000000
000000
000000
000000
001011
000000
000000
000000
000000
000000
001100
000000
000000
000000
000000
000000
001101
000000
000000
000000
000000
000000
001110
000000
000000
000000
000000
000000
001111
000000
000000
000000
000000
000000
010000
000000
000000
000000
000000
000000
010001
000000
000000
000000
000000
000000
010010
000000
000000
000000
000000
000000
010011
000000
000000
000000
000000
000000
010100
000000
000000
000000
000000
000000
010101
000000
000000
000000
000000
000000
010110
000000
000000
000000
000000
000000
010111
000000
000000
000000
000000
000000
011000
000000
000000
000000
000000
000000
011001
000000
000000
000000
000000
000000
011010
000000
000000
000000
000000
000000
011011
000000
000000
000000
000000
000000
011100
000000
000000
000000
000000
000000
011101
000000
000000
000000
000000
000000
011110
000000
000000
000000
000000
000000
011111
000000
000000
000000
000000
000000
100000
000000
000000
000000
000000
000000
100001
000000
000000
000000
000000
000000
100010
000000
000000
000000
000000
000000
100011
000000
000000
000000
000000
000000
100100
000000
000000
000000
000000
000000
100101
000000
000000
000000
000000
000000
100110
000000
000000
000000
000000
000000
100111
000000
000000
000000
000000
000000
101000
000000
000000
000000
000000
000000
101001
000000
000000
000000
000000
000000
101010
000000
000000
000000
000000
000000
101011
000000
000000
000000
000000
000000
101100
000000
000000
000000
000000
000000
101101
000000
000000
000000
000000
000000
101110
000000
000000
000000
000000
000000
101111
000000
000000
000000
000000
000000
110000
000000
000000
000000
000000
000000
110001
000000
000000
000000
000000
000000
110010
000000
000000
000000
000000
000000
110011
000000
000000
000000
000000
000000
110100
000000
000000
000000
000000
000000
110101
000000
000000
000000
000000
000000
110110
000000
000000
000000
000000
000000
110111
000000
000000
000000
000000
000000
111000
000000
000000
000000
000000
000000
111001
000000
000000
000000
000000
000000
111010
000000
000000
000000
000000
000000
111011
000000
000000
000000
000000
000000
111100
000000
000000
000000
000000
000000
111101
000000
000000
000000
000000
000000
111110
000000
000000
000000
000000
000000
111111
000000
000000
000000
000000
000000
000000
000001
000000
000000
000000
000000
000001
000001
000000
000000
000000
000000
000010
000001
000000
000000
000000
000000
000011
000001
000000
000000
000000
000000
000100
000001
000000
000000
000000
000000
000101
000001
000000
000000
000000
000000
000110
000001
000000
000000
000000
000000
000111
000001
000000
000000
000000
000000
001000
000001
000000
000000
000000
000000
001001
000001
000000
000000
000000
000000
001010
000001
000000
000000
000000
000000
001011
000001
000000
000000
000000
000000
001100
000001
000000
000000
000000
000000
001101
000001
000000
000000
000000
000000
001110
000001
000000
000000
000000
000000
001111
000001
000000
000000
000000
000000
010000
000001
000000
000000
000000
000000
010001
000001
000000
000000
000000
000000
010010
000001
000000
000000
000000
000000
010011
000001
000000
000000
000000
000000
010100
000001
000000
000000
000000
000000
010101
000001
000000
000000
000000
000000
010110
000001
000000
000000
000000
000000
010111
000001
000000
000000
000000
000000
011000
000001
000000
000000
000000
000000
011001
000001
000000
000000
000000
000000
011010
000001
000000
000000
000000
000000
011011
000001
000000
000000
000000
000000
011100
000001
000000
000000
000000
000000
011101
000001
000000
000000
000000
000000
011110
000001
000000
000000
000000
000000
011111
000001
000000
000000
000000
000000
100000
000001
000000
000000
000000
000000
100001
000001
000000
000000
000000
000000
100010
000001
000000
000000
000000
000000
100011
000001
000000
000000
000000
000000
100100
000001
000000
000000
000000
000000
100101
000001
000000
000000
000000
000000
100110
000001
000000
000000
000000
000000
100111
000001
000000
000000
000000
000000
101000
000001
000000
000000
000000
000000
101001
000001
000000
000000
000000
000000
101010
000001
000000
000000
000000
000000
101011
000001
000000
000000
000000
000000
101100
000001
000000
000000
000000
000000
101101
000001
000000
000000
000000
000000
101110
000001
000000
000000
000000
000000
101111
000001
000000
000000
000000
000000
110000
000001
000000
000000
000000
000000
110001
000001
000000
000000
000000
000000
110010
000001
000000
000000
000000
000000
110011
000001
000000
000000
000000
000000
110100
000001
000000
000000
000000
000000
110101
000001
000000
000000
000000
000000
110110
000001
000000
000000
000000
000000
110111
000001
000000
000000
000000
000000
111000
000001
000000
000000
000000
000000
111001
000001
000000
000000
000000
000000
111010
000001
000000
000000
000000
000000
111011
000001
000000
000000
000000
000000
111100
000001
000000
000000
000000
000000
111101
000001
000000
000000
000000
000000
111110
000001
000000
000000
000000
000000
111111
000001
000000
000000
000000
000000
000000
000010
000000
000000
000000
000000
000001
000010
000000
000000
000000
000000
000010
000010
000000
000000
000000
000000
000011
000010
000000
000000
000000
000000
000100
000010
000000
000000
000000
000000
000101
000010
000000
000000
000000
000000
000110
000010
000000
000000
000000
000000
000111
000010
000000
000000
000000
000000
001000
000010
000000
000000
000000
000000
001001
000010
000000
000000
000000
000000
001010
000010
000000
000000
000000
000000
001011
000010
000000
000000
000000
000000
001100
000010
000000
000000
000000
000000
001101
000010
000000
000000
000000
000000
001110
000010
000000
000000
000000
000000
001111
000010
000000
000000
000000
000000
010000
000010
000000
000000
000000
000000
010001
000010
000000
000000
000000
000000
010010
000010
000000
000000
000000
000000
010011
000010
000000
000000
000000
000000
010100
000010
000000
000000
000000
000000
010101
000010
000000
000000
000000
000000
010110
000010
000000
000000
000000
000000
010111
000010
000000
000000
000000
000000
011000
000010
000000
000000
000000
000000
011001
000010
000000
000000
000000
000000
011010
000010
000000
000000
000000
000000
011011
000010
000000
000000
000000
000000
011100
000010
000000
000000
000000
000000
011101
000010
000000
000000
000000
000000
011110
000010
000000
000000
000000
000000
011111
000010
000000
000000
000000
000000
100000
000010
000000
000000
000000
000000
100001
000010
000000
000000
000000
000000
100010
000010
000000
000000
000000
000000
100011
000010
000000
000000
000000
000000
100100
000010
000000
000000
000000
000000
100101
000010
000000
000000
000000
000000
100110
000010
000000
000000
000000
000000
100111
000010
000000
000000
000000
000000
101000
000010
000000
000000
000000
000000
101001
000010
000000
000000
000000
000000
101010
000010
000000
000000
000000
000000
101011
000010
000000
000000
000000
000000
101100
000010
000000
000000
000000
000000
101101
000010
000000
000000
000000
000000
101110
000010
000000
000000
000000
000000
101111
000010
000000
000000
000000
000000
110000
000010
000000
000000
000000
000000
110001
000010
000000
000000
000000
000000
110010
000010
000000
000000
000000
000000
110011
000010
000000
000000
000000
000000
110100
000010
000000
000000
000000
000000
110101
000010
000000
000000
000000
000000
110110
000010
000000
000000
000000
000000
110111
000010
000000
000000
000000
000000
111000
000010
000000
000000
000000
000000
111001
000010
000000
000000
000000
000000
111010
000010
000000
000000
000000
000000
111011
000010
000000
000000
000000
000000
111100
000010
000000
000000
000000
000000
111101
000010
000000
000000
000000
000000
111110
000010
000000
000000
000000
000000
111111
000010
000000
000000
000000
000000
000000
000011
000000
000000
000000
000000
000001
000011
000000
000000
000000
000000
000010
000011
000000
000000
000000
000000
000011
000011
000000
000000
000000
000000
000100
000011
000000
000000
000000
000000
000101
000011
000000
000000
000000
000000
000110
000011
000000
000000
000000
000000
000111
000011
000000
000000
000000
000000
001000
000011
000000
000000
000000
000000
001001
000011
000000
000000
000000
000000
001010
000011
000000
000000
000000
000000
001011
000011
000000
000000
000000
000000
001100
000011
000000
000000
000000
000000
001101
000011
000000
000000
000000
000000
001110
000011
000000
000000
000000
000000
001111
000011
000000
000000
000000
000000
010000
000011
000000
000000
000000
000000
010001
000011
000000
000000
000000
000000
010010
000011
000000
000000
000000
000000
010011
000011
000000
000000
000000
000000
010100
000011
000000
000000
000000
000000
010101
000011
000000
000000
000000
000000
010110
000011
000000
000000
000000
000000
010111
000011
000000
000000
000000
000000
011000
000011
000000
000000
000000
000000
011001
000011
000000
000000
000000
000000
011010
000011
000000
000000
000000
000000
011011
000011
000000
000000
000000
000000
011100
000011
000000
000000
000000
000000
011101
000011
000000
000000
000000
000000
011110
000011
000000
000000
000000
000000
011111
000011
000000
000000
000000
000000
100000
000011
000000
000000
000000
000000
100001
000011
000000
000000
000000
000000
100010
000011
000000
000000
000000
000000
100011
000011
000000
000000
000000
000000
100100
000011
000000
000000
000000
000000
100101
000011
000000
000000
000000
000000
100110
000011
000000
000000
000000
000000
100111
000011
000000
000000
000000
000000
101000
000011
000000
000000
000000
000000
101001
000011
000000
000000
000000
000000
101010
000011
000000
000000
000000
000000
101011
000011
000000
000000
000000
000000
101100
000011
000000
000000
000000
000000
101101
000011
000000
000000
000000
000000
101110
000011
000000
000000
000000
000000
101111
000011
000000
000000
000000
000000
110000
000011
000000
000000
000000
000000
110001
000011
000000
000000
000000
000000
110010
000011
000000
000000
000000
000000
110011
000011
000000
000000
000000
000000
110100
000011
000000
000000
000000
000000
110101
000011
000000
000000
000000
000000
110110
000011
000000
000000
000000
000000
110111
000011
000000
000000
000000
000000
111000
000011
000000
000000
000000
000000
111001
000011
000000
000000
000000
000000
111010
000011
000000
000000
000000
000000
111011
000011
000000
000000
000000
000000
111100
000011
000000
000000
000000
000000
111101
000011
000000
000000
000000
000000
111110
000011
000000
000000
000000
000000
111111
000011
000000
000000
000000
000000
000000
000100
000000
000000
000000
000000
000001
000100
000000
000000
000000
000000
000010
000100
000000
000000
000000
000000
000011
000100
000000
000000
000000
000000
000100
000100
000000
000000
000000
000000
000101
000100
000000
000000
000000
000000
000110
000100
000000
000000
000000
000000
000111
000100
000000
000000
000000
000000
001000
000100
000000
000000
000000
000000
001001
000100
000000
000000
000000
000000
001010
000100
000000
000000
000000
000000
001011
000100
000000
000000
000000
000000
001100
000100
000000
000000
000000
000000
001101
000100
000000
000000
000000
000000
001110
000100
000000
000000
000000
000000
001111
000100
000000
000000
000000
000000
010000
000100
000000
000000
000000
000000
010001
000100
000000
000000
000000
000000
010010
000100
000000
000000
000000
000000
010011
000100
000000
000000
000000
000000
010100
000100
000000
000000
000000
000000
010101
000100
000000
000000
000000
000000
010110
000100
000000
000000
000000
000000
010111
000100
000000
000000
000000
000000
011000
000100
000000
000000
000000
000000
011001
000100
000000
000000
000000
000000
011010
000100
000000
000000
000000
000000
011011
000100
000000
000000
000000
000000
011100
000100
000000
000000
000000
000000
011101
000100
000000
000000
000000
000000
011110
000100
000000
000000
000000
000000
011111
000100
000000
000000
000000
000000
100000
000100
000000
000000
000000
000000
100001
000100
000000
000000
000000
000000
100010
000100
000000
000000
000000
000000
100011
000100
000000
000000
000000
000000
100100
000100
000000
000000
000000
000000
100101
000100
000000
000000
000000
000000
100110
000100
000000
000000
000000
000000
100111
000100
000000
000000
000000
000000
101000
000100
000000
000000
000000
000000
101001
000100
000000
000000
000000
000000
101010
000100
000000
000000
000000
000000
101011
000100
000000
000000
000000
000000
101100
000100
000000
000000
000000
000000
101101
000100
000000
000000
000000
000000
101110
000100
000000
000000
000000
000000
101111
000100
000000
000000
000000
000000
110000
000100
000000
000000
000000
000000
110001
000100
000000
000000
000000
000000
110010
000100
000000
000000
000000
000000
110011
000100
000000
000000
000000
000000
110100
000100
000000
000000
000000
000000
110101
000100
000000
000000
000000
000000
110110
000100
000000
000000
000000
000000
110111
000100
000000
000000
000000
000000
111000
000100
000000
000000
000000
000000
111001
000100
000000
000000
000000
000000
111010
000100
000000
000000
000000
000000
111011
000100
000000
000000
000000
000000
111100
000100
000000
000000
000000
000000
111101
000100
000000
000000
000000
000000
111110
000100
000000
000000
000000
000000
111111
000100
000000
000000
000000
000000
000000
000101
000000
000000
000000
000000
000001
000101
000000
000000
000000
000000
000010
000101
000000
000000
000000
000000
000011
000101
000000
000000
000000
000000
000100
000101
000000
000000
000000
000000
000101
000101
000000
000000
000000
000000
000110
000101
000000
000000
000000
000000
000111
000101
000000
000000
000000
000000
001000
000101
000000
000000
000000
000000
001001
000101
000000
000000
000000
000000
001010
000101
000000
000000
000000
000000
001011
000101
000000
000000
000000
000000
001100
000101
000000
000000
000000
000000
001101
000101
000000
000000
000000
000000
001110
000101
000000
000000
000000
000000
001111
000101
000000
000000
000000
000000
010000
000101
000000
000000
000000
000000
010001
000101
000000
000000
000000
000000
010010
000101
000000
000000
000000
000000
010011
000101
000000
000000
000000
000000
010100
000101
000000
000000
000000
000000
010101
000101
000000
000000
000000
000000
010110
000101
000000
000000
000000
000000
010111
000101
000000
000000
000000
000000
011000
000101
000000
000000
000000
000000
011001
000101
000000
000000
000000
000000
011010
000101
000000
000000
000000
000000
011011
000101
000000
000000
000000
000000
011100
000101
000000
000000
000000
000000
011101
000101
000000
000000
000000
000000
011110
000101
000000
000000
000000
000000
011111
000101
000000
000000
000000
000000
100000
000101
000000
000000
000000
000000
100001
000101
000000
000000
000000
000000
100010
000101
000000
000000
000000
000000
100011
000101
000000
000000
000000
000000
100100
000101
000000
000000
000000
000000
100101
000101
000000
000000
000000
000000
100110
000101
000000
000000
000000
000000
100111
000101
000000
000000
000000
000000
101000
000101
000000
000000
000000
000000
101001
000101
000000
000000
000000
000000
101010
000101
000000
000000
000000
000000
101011
000101
000000
000000
000000
000000
101100
000101
000000
000000
000000
000000
101101
000101
000000
000000
000000
000000
101110
000101
000000
000000
000000
000000
101111
000101
000000
000000
000000
000000
110000
000101
000000
000000
000000
000000
110001
000101
000000
000000
000000
000000
110010
000101
000000
000000
000000
000000
110011
000101
000000
000000
000000
000000
110100
000101
000000
000000
000000
000000
110101
000101
000000
000000
000000
000000
110110
000101
000000
000000
000000
000000
110111
000101
000000
000000
000000
000000
111000
000101
000000
000000
000000
000000
111001
000101
000000
000000
000000
000000
111010
000101
000000
000000
000000
000000
111011
000101
000000
000000
000000
000000
111100
000101
000000
000000
000000
000000
111101
000101
000000
000000
000000
000000
111110
000101
000000
000000
000000
000000
111111
000101
000000
000000
000000
000000
000000
000110
000000
000000
000000
000000
000001
000110
000000
000000
000000
000000
000010
000110
000000
000000
000000
000000
000011
000110
000000
000000
000000
000000
000100
000110
000000
000000
000000
000000
000101
000110
000000
000000
000000
000000
000110
000110
000000
000000
000000
000000
000111
000110
000000
000000
000000
000000
001000
000110
000000
000000
000000
000000
001001
000110
000000
000000
000000
000000
001010
000110
000000
000000
000000
000000
001011
000110
000000
000000
000000
000000
001100
000110
000000
000000
000000
000000
001101
000110
000000
000000
000000
000000
001110
000110
000000
000000
000000
000000
001111
000110
000000
000000
000000
000000
010000
000110
000000
000000
000000
000000
010001
000110
000000
000000
000000
000000
010010
000110
000000
000000
000000
000000
010011
000110
000000
000000
000000
000000
010100
000110
000000
000000
000000
000000
010101
000110
000000
000000
000000
000000
010110
000110
000000
000000
000000
000000
010111
000110
000000
000000
000000
000000
011000
000110
000000
000000
000000
000000
011001
000110
000000
000000
000000
000000
011010
000110
000000
000000
000000
000000
011011
000110
000000
000000
000000
000000
011100
000110
000000
000000
000000
000000
011101
000110
000000
000000
000000
000000
011110
000110
000000
000000
000000
000000
011111
000110
000000
000000
000000
000000
100000
000110
000000
000000
000000
000000
100001
000110
000000
000000
000000
000000
100010
000110
000000
000000
000000
000000
100011
000110
000000
000000
000000
000000
100100
000110
000000
000000
000000
000000
100101
000110
000000
000000
000000
000000
100110
000110
000000
000000
000000
000000
100111
000110
000000
000000
000000
000000
101000
000110
000000
000000
000000
000000
101001
000110
000000
000000
000000
000000
101010
000110
000000
000000
000000
000000
101011
000110
000000
000000
000000
000000
101100
000110
000000
000000
000000
000000
101101
000110
000000
000000
000000
000000
101110
000110
000000
000000
000000
000000
101111
000110
000000
000000
000000
000000
110000
000110
000000
000000
000000
000000
110001
000110
000000
000000
000000
000000
110010
000110
000000
000000
000000
000000
110011
000110
000000
000000
000000
000000
110100
000110
000000
000000
000000
000000
110101
000110
000000
000000
000000
000000
110110
000110
000000
000000
000000
000000
110111
000110
000000
000000
000000
000000
111000
000110
000000
000000
000000
000000
111001
000110
000000
000000
000000
000000
111010
000110
000000
000000
000000
000000
111011
000110
000000
000000
000000
000000
111100
000110
000000
000000
000000
000000
111101
000110
000000
000000
000000
000000
111110
000110
000000
000000
000000
000000
111111
000110
000000
000000
000000
000000
000000
000111
000000
000000
000000
000000
000001
000111
000000
000000
000000
000000
000010
000111
000000
000000
000000
000000
000011
000111
000000
000000
000000
000000
000100
000111
000000
000000
000000
000000
000101
000111
000000
000000
000000
000000
000110
000111
000000
000000
000000
000000
000111
000111
000000
000000
000000
000000
001000
000111
000000
000000
000000
000000
001001
000111
000000
000000
000000
000000
001010
000111
000000
000000
000000
000000
001011
000111
000000
000000
000000
000000
001100
000111
000000
000000
000000
000000
001101
000111
000000
000000
000000
000000
001110
000111
000000
000000
000000
000000
001111
000111
000000
000000
000000
000000
010000
000111
000000
000000
000000
000000
010001
000111
000000
000000
000000
000000
010010
000111
000000
000000
000000
000000
010011
000111
000000
000000
000000
000000
010100
000111
000000
000000
000000
000000
010101
000111
000000
000000
000000
000000
010110
000111
000000
000000
000000
000000
010111
000111
000000
000000
000000
000000
011000
000111
000000
000000
000000
000000
011001
000111
000000
000000
000000
000000
011010
000111
000000
000000
000000
000000
011011
000111
000000
000000
000000
000000
011100
000111
000000
000000
000000
000000
011101
000111
000000
000000
000000
000000
011110
000111
000000
000000
000000
000000
011111
000111
000000
000000
000000
000000
100000
000111
000000
000000
000000
000000
100001
000111
000000
000000
000000
000000
100010
000111
000000
000000
000000
000000
100011
000111
000000
000000
000000
000000
100100
000111
000000
000000
000000
000000
100101
000111
000000
000000
000000
000000
100110
000111
000000
000000
000000
000000
100111
000111
000000
000000
000000
000000
101000
000111
000000
000000
000000
000000
101001
000111
000000
000000
000000
000000
101010
000111
000000
000000
000000
000000
101011
000111
000000
000000
000000
000000
101100
000111
000000
000000
000000
000000
101101
000111
000000
000000
000000
000000
101110
000111
000000
000000
000000
000000
101111
000111
000000
000000
000000
000000
110000
000111
000000
000000
000000
000000
110001
000111
000000
000000
000000
000000
110010
000111
000000
000000
000000
000000
110011
000111
000000
000000
000000
000000
110100
000111
000000
000000
000000
000000
110101
000111
000000
000000
000000
000000
110110
000111
000000
000000
000000
000000
110111
000111
000000
000000
000000
000000
111000
000111
000000
000000
000000
000000
111001
000111
000000
000000
000000
000000
111010
000111
000000
000000
000000
000000
111011
000111
000000
000000
000000
000000
111100
000111
000000
000000
000000
000000
111101
000111
000000
000000
000000
000000
111110
000111
000000
000000
000000
000000
111111
000111
000000
000000
000000
000000
